54 39
000000000000000000000000000000000010000000000000000000
000000000000000000000000000000000010100000000000000000
100000000000000000000010100000000011000000000000000000
101000000000000000000011000000000000000000000000000000
110000001010000000000001000000000000111000000000000000
000000001100000000000000000000000000100000000000000000
001110000100000000000001100000000000010000000000000000
001000000000000000000001010001000000000000000000000000
000100000110000000000001000011000000000000000000000000
000000000101000100000000000010100000000000000000000000
000000000100001100001100000000000000000000000000000000
000000000000001010001010000000000000000000000000000000
000000000000000000001000000000000000000000000000000000
000000000000000000000000000000000000000110000000000000
000000000000000000000000000000000000000101000000000000
000000000000000000000000000000000000000100000000000000
000000000000000000000000000000000000000000000000000000
000000000000000000000000000000000000000000000000000000
000000000000000000000000000011100000000000000000000000
000000000000000000000000000010000000000000000000000000
000000000000000000000000000001000000000000000000000000
000000000000000000000000000000000000000000000000000000
000000000000000000000000000000000000000000000000000000
000000000000000000000000000000000000000000000000000000
000000000000000000000000000000000000000000000000000000
000000000000000000000000000000000000000000000000000000
000000000000000000000000000000000000000000000000000000
000000000000000000000000000000000000000000000000000000
000000000000000000000000000000000000000000000000000000
000000000000000000000000000000000000000000000000000000
000000000000000000000000000000000000000000000000000000
000000000000000000000000000000000000000000000000000000
000000000000000000000000000000000000000000000000000000
000000000000000000000000000000000000000000000000000000
000000000000000000000000000000000000000000000000000000
000000000000000000000000000000000000000000000000001100
000000000000000000000000000000000000000000000000001010
000000000000000000000000000000000000000000000000000010
000000000000000000000000000000000000000000000000000011