28 29
0000000000000000000000000000
0000000000000000001000000000
0000000000000000011100000000
0000000000001110000110000000
0000000000010011100101100000
0000000000100010100101000000
0000000000100001010101011000
0000000000001000010100011000
1111000001010000100010111000
1000110101110110000000001100
1000001100000100000000000000
0100110100100101100000000000
0000000101010101010000011110
0100110100100100110101100010
1000001100010101000110000010
1000110101100100100101100100
1111000001010101010100000000
0000000000110100100101100100
0000000000000100000110000010
0110000000001101110101100010
0011101000100001010000011110
0011000101000010000000000000
0011010101010000100000000000
0000010100101000100000000000
0000110100111001000000000000
0000001100001110000000000000
0000000111000000000000000000
0000000010000000000000000000
0000000000000000000000000000