21 31
000000000000000000000
000000000011111100000
000000000100000100000
000000000000000100000
000000000100001000000
000000011000000000000
000001000000000010000
000000000000000001000
000001000000000001000
000000111111111111000
000000000000000000000
000000000000000000000
000000000000000000000
001111111111111111110
010000000000000000010
000000000000000000010
010000000000000000100
000110000000000000000
000001000000000010000
000000000000000001000
000001000000000001000
000000111111111111000
000000000000000000000
000000000000000000000
000000000000000000000
000000000011111100000
000000000100000100000
000000000000000100000
000000000100001000000
000000000001100000000
000000000000000000000